115,3
115,2
115,1
115,0
111,4
111,3
111,2
111,1
111,0
105,5
105,4
105,3
105,2
105,1
105,0
99,3
99,2
99,1
99,0
98,5
98,4
98,3
98,2
98,1
98,0
95,3
95,2
95,1
95,0
92,5
92,4
92,3
92,2
92,1
92,0
88,3
88,2
88,1
88,0
86,4
86,3
86,2
86,1
86,0
81,6
81,5
81,4
81,3
81,2
81,1
81,0
60,4
60,3
60,2
60,1
60,0
47,5
47,4
47,3
47,2
47,1
47,0
41,4
41,3
41,2
41,1
41,0
37,8
37,7
37,6
37,5
37,4
37,3
37,2
37,1
37,0
30,3
30,2
30,1
30,0
28,4
28,3
28,2
28,1
28,0
24,4
24,3
24,2
24,1
24,0
15,3
15,2
15,1
15,0
14,4
14,3
14,2
14,1
14,0
9,3
9,2
9,1
9,0
4,3
2,6
2,5
2,3
2,2
2,1
2,0
1,3
0,408
0,322
0,243
0,9
0,0
0,1
0,310
0,305
0,308
0,304
0,303
0,302
0,307
0,12
0,10
0,8
0,435
0,300
0,437
0,299
0,436
0,298
0,434
0,297
0,433
0,296
0,432
0,295
0,431
0,294
0,430
0,293
0,426
0,292
0,424
0,291
0,423
0,290
0,425
0,289
0,422
0,288
0,421
0,287
0,420
0,286
0,419
0,285
0,411
0,284
0,410
0,283
0,409
0,282
0,407
0,281
0,406
0,280
0,405
0,279
0,418
0,278
115,4
0,404
0,277
0,402
0,276
0,401
0,275
0,445
0,274
0,400
0,273
0,399
0,272
0,398
0,271
0,354
0,270
0,269
0,395
0,268
0,417
0,267
0,266
0,393
0,265
0,392
0,264
0,429
0,263
0,391
0,262
0,390
0,261
0,389
0,260
0,388
0,259
0,353
0,258
0,386
0,257
0,384
0,256
0,383
0,255
0,350
0,254
0,428
0,253
0,382
0,252
0,251
0,444
0,250
0,249
0,443
0,248
0,377
0,247
0,320
0,246
0,375
0,245
0,374
0,244
0,373
0,242
0,342
0,241
0,447
0,240
0,371
0,239
0,348
0,238
0,427
0,237
0,369
0,236
0,368
0,235
0,367
0,234
0,365
0,233
0,364
0,232
0,366
0,231
0,415
0,230
0,363
0,229
0,340
0,228
0,361
0,227
0,359
0,226
0,362
0,225
0,412
0,224
0,414
0,223
0,357
0,222
0,356
0,221
0,220
0,219
0,352
0,218
0,347
0,217
0,360
0,216
0,351
0,215
0,341
0,214
0,335
0,213
0,346
0,212
0,442
0,211
0,358
0,210
0,403
0,209
0,446
0,208
0,344
0,207
0,438
0,206
0,345
0,205
0,325
0,204
0,440
0,203
0,329
0,202
0,336
0,201
0,333
0,200
0,343
0,199
0,323
0,198
0,330
0,197
0,355
0,196
0,328
0,195
0,327
0,194
0,326
0,193
0,192
0,339
0,63
0,332
0,62
0,324
0,61
0,349
0,60
0,334
0,59
0,331
0,58
0,57
0,318
0,56
0,321
0,55
0,337
0,54
0,338
0,53
0,316
0,52
0,315
0,51
0,441
0,50
0,313
0,49
0,312
0,48
0,311
0,47
0,309
0,46
0,306
0,45
0,301
0,6
0,5
0,11
0,4
0,2
0,3
0,7
